1.570796326794894
-0.9999999999999797
-1.7593582802970588e-14
0.33333333333334364
-2.579003092765134e-12
-0.19999999999887227
9.109337034516607e-13
0.14285714285545642
2.244597980101978e-12
-0.11111111111366734
2.7161384201540263e-12
0.09090909090628431
2.8857129998594564e-12
-0.07692307692606105
3.111307936773495e-12
0.06666666662617338
-1.895470127271918e-11
-0.05882352940167764
-7.828006699975726e-12
0.05263157895420913
-6.329437674829287e-12
-0.047619047621534426
3.2293239820666715e-12
0.04347826086553075
4.858807968270303e-12
-0.04000000000565879
6.390047147236087e-12
0.037037037029996965
7.588341555357497e-12
-0.03448275862874025
8.415469745455168e-12
0.032258064514428995
2.3201958799645666e-12
-0.030303030306225644
4.440405802609021e-12
0.028571428565122056
9.244876828069142e-12
-0.02702702704129874
-1.7251151356046056e-11
0.025641025748515078
-5.3372771733076316e-11
-0.02439024386467729
-4.3833151223837286e-11
0.023255813985984242
-2.7329148777788162e-11
-0.022222222223032075
1.0674096521536633e-12
0.021276595743303556
1.7411050907022605e-12
-0.020408163267466306
2.6378214588821695e-12
0.01960784313407338
3.7933803395616e-12
-0.018867924532777466
5.221823155186694e-12
0.01818181817578146
6.901642421866595e-12
-0.017543859656932115
8.743952659676193e-12
0.01694915253268904
1.0618128922830857e-11
-0.016393442634473905
1.2393851463450814e-11
0.01587301585979896
1.3984762445158936e-11
-0.015384615399307086
1.5337765398082516e-11
0.014925373132009957
2.3900222960422777e-12
-0.014492753625714058
2.7226153861258116e-12
0.014084507039305551
3.1749822876316715e-12
-0.013698630140603796
8.51897691842417e-12
0.01333333331641569
5.519257209667885e-12
-0.012987012993388196
7.389319887286625e-12
0.012658227839541316
9.960802356459463e-12
-0.012345679023972997
1.3592378417733392e-11
0.012048192755073808
1.89154011187684e-11
-0.011764705904793057
2.6921044993763008e-11
0.011494252840994916
3.9968452051011127e-11
-0.011235955106232974
6.394018547992258e-11
0.010989011039246283
-3.6485024609426665e-11
-0.010752688136344822
-2.159909923649418e-10
0.01052631593583931
-1.1318666331314229e-10
-0.010309278351305816
9.457108747036954e-13
0.010101010099890353
1.2956182292363517e-12
-0.00990099009943851
5.429036789002149e-13
0.009708737863226994
-5.027805183754078e-11
-0.00952380952616722
2.6071471503766974e-12
0.00934579438965125
3.1481473270341786e-12
-0.009174311931963107
2.306630688971207e-12
0.009009009006406117
2.9154180270040666e-12
-0.008849557525366118
3.591422465845287e-12
0.008695652169964596
4.3355851674371036e-12
-0.008547008551738492
5.140602035894139e-12
0.008403361338969824
6.0060183346300255e-12
-0.008264462816377018
6.923828552178408e-12
0.008130081293409025
7.887479611914403e-12
-0.008000000008380364
8.867994202650257e-12
0.007874015742358034
5.700219921107776e-12
-0.0077519379948725285
1.0877656412949503e-11
0.007633587774896073
1.1843513695133972e-11
-0.007518797004786313
1.2747098078306584e-11
0.00740740739425808
1.3517792880504624e-11
-0.007299270086809237
1.403185002287169e-11
0.007194244590202081
1.3986458334118295e-11
-0.007092198595052293
6.149983194922394e-12
0.006993006986816409
6.24892118274069e-12
-0.006896551733943469
1.0116966062734637e-11
0.00680272107832347
2.304128860951374e-11
-0.006711409419531606
6.675813412318005e-12
0.006622516537335629
2.0230700999090368e-11
-0.006535947723606143
1.0575447359542521e-11
0.006451612892899128
1.0258344104526771e-11
-0.006369426761882152
1.0377136142857263e-11
0.006289308165587788
1.068290459728757e-11
-0.00621118013510491
1.1113171790879833e-11
0.006134969313779669
1.1670821105493732e-11
-0.006060606072608368
1.2375883804903555e-11
0.005988023939294888
1.3282807102321683e-11
-0.005917159777151537
1.447966115869712e-11
0.005847953201164661
1.6086494292037952e-11
-0.005780346837920034
1.838697764385129e-11
0.005714285694310025
2.2038535050068124e-11
-0.005649717538975544
2.894632851932288e-11
0.005586592143376545
-1.2272273072849209e-11
-0.0055248618933941476
3.877300704233445e-12
0.005464480858167394
1.6788161829899878e-11
-0.005405405422865038
1.818281676949508e-11
0.005347593563987482
1.9667467300286473e-11
-0.005291005311436119
2.1214166835010735e-11
0.005235602072295198
2.2674996666799532e-11
-0.005181347173585558
2.384906389498446e-11
0.0051282051039882315
2.4358735685045858e-11
-0.005076142156163582
2.3529283498162607e-11
0.0050251256058430555
2.0332990002953668e-11